cleared: true
box_position: [.25,.1,.025]
waypoints: [[.25,0,.2,0,0,0,1],[.2344,.0017327,.13282,0,0,.0036958,.99999],[.18978,.08214,.11441,.0060856,-0.029381,.20273,.97877],[.14759,-0.13351,.12861,.19463,.50527,-0.30219,.78454]]
target: [.15,-0.15,0.025]
target_position: [.15494,-0.14766,.039103,.21608,.53995,-0.30225,.75526]